0000000000000000000000000000000000000
0000000000000000000000000000000000000
0000000000011110000000000000000000000
0000000000111111000000000000000000000
0000000011101110001000000000000000000
0000000110000111001100000000000000000
0000000011100111000011100000000000000
0000000010110011000000001111100000000
0000000000000011111111000000000000000
0000001110000010011011111000000000000
0000001110000000000001111000000000000
0000011111000000111111000000000000000
0000000001111100000111000000000000000
0000000011111000000000000000000000000
0000000000001111100000000000000000000
0000000000000000111100000000000000000
0000000000000000010111000000000000000
0000000000000001111110000000000000000
0000000000000011110000000000000000000
0000000000000111100000000000000000000
0000000000000011110000000000000000000
0000000000011111000000000000000000000
0000000000000111110000000000000000000
0000000000111100000000000000000000000
0000000000000000000000000000000000000
0000000000000000000000000000000000000
0000000000000000000000000000000000000