0000000000000000000000000000000000
0000000000000000000000000000000000
0000000000000000000000000000000000
0000000000000111111000000000000000
0000000000011110000000000000000000
0000000000010010000011111011100000
0000000001111000000111000000000000
0000000000011110000011111000000000
0000000001110111000000011110000000
0000000000011100000001111000000000
0000000000011100000011011000000000
0000000000000011110000110000000000
0000000000001111000000000000000000
0000000000000000111101101100000000
0000000000000011100000111000000000
0000000000000001100000011110000000
0000000000000111100000011100000000
0000000000000111100000111000000000
0000000000111101100000011110000000
0000000000001111001111110000000000
0000000000001110000000000000000000
0000000000000011110000000000000000
0000000000000000000000000000000000
0000000000000000000000000000000000
0000000000000000000000000000000000
0000000000000000000000000000000000