00000000000000000000000000000000000000
00000000000000000000000000000000000000
00000000000111100000000000000000000000
00000000001111110000000000000000000000
00000000111011100010000000000000000000
00000001100001110011000000000000000000
00000000111001110000111000000000000000
00000000101100110000000011111000000000
00000000000000111111110000000000000000
00000011100000100110111110000000000000
00000011100000000000011110000000000000
00000111110000001111110000000000000000
00000000011111000001110000000000000000
00000000111110000000000000000000000000
00000000000011111000000000000000000000
00000000000000001111000000000000000000
00000000000000000101110000000000000000
00000000000000011111100000000000000000
00000000000000111100000000000000000000
00000000000001111000000000000000000000
00000000000000111100000000000000000000
00000000000111110000000000000000000000
00000000000001111100000000000000000000
00000000001111000000000000000000000000
00000000000000000000000000000000000000
00000000000000000000000000000000000000
00000000000000000000000000000000000000
00000000000000000000000000000000000000